0 0.075 0.07109375 0.06953125 0.084375
0 0.23671875 0.10859375 0.07578125 0.0921875
0 0.2640625 0.2078125 0.075 0.0921875
0 0.3640625 0.06953125 0.0765625 0.0953125
0 0.46015625 0.02890625 0.07578125 0.05703125
0 0.58046875 0.10703125 0.06796875 0.0921875
0 0.478125 0.303125 0.0734375 0.09765625
0 0.72890625 0.33515625 0.06875 0.09453125
0 0.825 0.36171875 0.0640625 0.08984375
0 0.8109375 0.24921875 0.065625 0.08984375
0 0.95234375 0.06328125 0.0734375 0.10546875
0 0.83515625 0.56796875 0.06875 0.1078125
0 0.80078125 0.66484375 0.065625 0.0828125
0 0.9265625 0.79453125 0.06875 0.0921875
0 0.9734375 0.75390625 0.053125 0.0890625
0 0.64921875 0.796875 0.0640625 0.10078125
0 0.63046875 0.646875 0.0671875 0.09140625
0 0.48125 0.7125 0.075 0.096875
0 0.45703125 0.83828125 0.0671875 0.09765625
0 0.34609375 0.828125 0.0734375 0.1015625
0 0.20859375 0.77265625 0.07578125 0.08984375
0 0.1234375 0.775 0.078125 0.0984375
0 0.2109375 0.55546875 0.07890625 0.0921875
0 0.12265625 0.35234375 0.0671875 0.09375
0 0.26171875 0.33828125 0.07265625 0.0859375
0 0.2921875 0.4375 0.06953125 0.09765625
0 0.4515625 0.421875 0.0671875 0.08125
0 0.4640625 0.49765625 0.071875 0.078125
0 0.21875 0.94140625 0.06875 0.0890625