0 0.165625 0.3140625 0.06796875 0.078125
0 0.03359375 0.428125 0.053125 0.07890625
0 0.1046875 0.46796875 0.05859375 0.08125
0 0.23984375 0.346875 0.07109375 0.10546875
0 0.35078125 0.34296875 0.06328125 0.09765625
0 0.4484375 0.346875 0.059375 0.08359375
0 0.39140625 0.4484375 0.059375 0.0640625
0 0.23828125 0.52421875 0.0640625 0.09453125
0 0.06796875 0.67890625 0.0671875 0.0921875
0 0.31640625 0.71484375 0.078125 0.09765625
0 0.36640625 0.64765625 0.06875 0.084375
0 0.24375 0.9625 0.07421875 0.075
0 0.421875 0.84140625 0.07109375 0.08046875
0 0.46328125 0.68203125 0.071875 0.09375
0 0.5546875 0.8390625 0.0734375 0.1
0 0.6328125 0.76640625 0.06640625 0.090625
0 0.52109375 0.92734375 0.08125 0.08515625
0 0.69375 0.88046875 0.07578125 0.08828125
0 0.96328125 0.8875 0.065625 0.090625
0 0.97734375 0.67734375 0.0453125 0.0828125
0 0.878125 0.59609375 0.05234375 0.06953125
0 0.72734375 0.6359375 0.06953125 0.07890625
0 0.97890625 0.56484375 0.0421875 0.096875
0 0.91328125 0.40859375 0.0609375 0.078125
0 0.84140625 0.43515625 0.06953125 0.090625
0 0.7125 0.38046875 0.0671875 0.08203125
0 0.61328125 0.36171875 0.0765625 0.0984375
0 0.67578125 0.303125 0.06484375 0.0796875
0 0.50078125 0.12421875 0.06328125 0.078125
0 0.72890625 0.0328125 0.065625 0.065625
0 0.9546875 0.03515625 0.0640625 0.06953125
0 0.97734375 0.24453125 0.0453125 0.0828125
0 0.96953125 0.334375 0.06015625 0.0859375
0 0.915625 0.4078125 0.06875 0.08046875
0 0.9078125 0.8640625 0.0546875 0.06796875
0 0.72421875 0.53671875 0.06640625 0.0875
0 0.78828125 0.559375 0.05 0.06484375
0 0.53515625 0.51640625 0.0640625 0.084375
0 0.09609375 0.56953125 0.06953125 0.08125
0 0.25703125 0.16328125 0.0734375 0.10546875
0 0.828125 0.1421875 0.06484375 0.08984375