0 0.23515625 0.05 0.0546875 0.08515625
0 0.159375 0.184375 0.05859375 0.07890625
0 0.1703125 0.45625 0.0546875 0.07890625
0 0.259375 0.396875 0.065625 0.071875
0 0.11796875 0.565625 0.0578125 0.08359375
0 0.0171875 0.46953125 0.034375 0.08828125
0 0.3828125 0.48046875 0.06015625 0.08203125
0 0.3171875 0.56484375 0.053125 0.08125
0 0.296875 0.7375 0.0640625 0.06875
0 0.23984375 0.8765625 0.0546875 0.0859375
0 0.3171875 0.95703125 0.0546875 0.0765625
0 0.5390625 0.87890625 0.065625 0.09765625
0 0.684375 0.89765625 0.07109375 0.08203125
0 0.75 0.73671875 0.053125 0.08515625
0 0.62890625 0.65078125 0.0671875 0.06484375
0 0.5265625 0.575 0.065625 0.0796875
0 0.71875 0.43203125 0.07265625 0.08203125
0 0.6890625 0.32421875 0.06796875 0.0890625
0 0.90234375 0.26640625 0.0671875 0.08515625
0 0.81484375 0.5234375 0.06328125 0.0828125
0 0.87578125 0.665625 0.0515625 0.06875
0 0.85859375 0.89140625 0.0640625 0.08515625
0 0.41015625 0.29453125 0.0546875 0.08046875