0 0.08203125 0.15 0.0609375 0.08359375
0 0.23359375 0.078125 0.0609375 0.08515625
0 0.07109375 0.3609375 0.0671875 0.09453125
0 0.17890625 0.58671875 0.0671875 0.10546875
0 0.05625 0.71015625 0.0625 0.0859375
0 0.16796875 0.78828125 0.0671875 0.09296875
0 0.26015625 0.7859375 0.05859375 0.0765625
0 0.41953125 0.7484375 0.0609375 0.09375
0 0.6328125 0.73515625 0.06328125 0.09921875
0 0.43046875 0.52421875 0.065625 0.09609375
0 0.6125 0.1859375 0.059375 0.0859375
0 0.709375 0.25390625 0.06484375 0.07734375
0 0.8828125 0.29453125 0.06640625 0.07734375
0 0.77734375 0.53046875 0.0546875 0.07578125
0 0.97890625 0.66484375 0.0421875 0.0859375
0 0.7890625 0.73046875 0.07109375 0.075