0 0.0296875 0.37890625 0.059375 0.0953125
0 0.0203125 0.25234375 0.040625 0.0796875
0 0.60625 0.2625 0.06953125 0.0890625
0 0.74375 0.446875 0.06953125 0.103125
0 0.8890625 0.7109375 0.06875 0.1046875
0 0.89765625 0.8890625 0.075 0.09296875
0 0.5453125 0.5828125 0.0765625 0.09609375
0 0.70078125 0.028125 0.07265625 0.05625
0 0.06171875 0.73046875 0.0703125 0.08828125
0 0.2078125 0.63125 0.05859375 0.08359375
0 0.21875 0.85859375 0.07265625 0.0953125
0 0.44140625 0.9125 0.06875 0.090625
0 0.52578125 0.94140625 0.07109375 0.1046875