0 0.096875 0.2484375 0.0578125 0.075
0 0.2 0.2984375 0.0546875 0.0640625
0 0.1171875 0.4109375 0.05234375 0.0625
0 0.24375 0.4671875 0.0609375 0.090625
0 0.053125 0.68125 0.0609375 0.078125
0 0.5171875 0.7375 0.0640625 0.0734375
0 0.65625 0.73203125 0.05234375 0.0640625
0 0.70703125 0.84140625 0.06015625 0.0765625
0 0.80546875 0.83359375 0.06328125 0.07578125
0 0.82265625 0.93046875 0.053125 0.059375
0 0.6625 0.58203125 0.05234375 0.07421875
0 0.87578125 0.56875 0.0546875 0.078125
0 0.778125 0.37109375 0.05625 0.06875
0 0.8765625 0.3640625 0.05546875 0.08515625
0 0.60234375 0.290625 0.05703125 0.07734375
0 0.96875 0.8125 0.05625 0.065625
0 0.49375 0.09453125 0.06171875 0.06171875
0 0.2859375 0.6640625 0.053125 0.06875
0 0.34609375 0.26484375 0.04453125 0.0625
0 0.90703125 0.19765625 0.05078125 0.05859375