0 0.309375 0.2875 0.059375 0.08046875
0 0.0859375 0.4140625 0.05859375 0.07890625
0 0.23515625 0.528125 0.071875 0.08515625
0 0.03203125 0.8671875 0.05234375 0.08203125
0 0.17734375 0.89453125 0.0640625 0.08828125
0 0.30625 0.796875 0.04296875 0.0578125
0 0.47734375 0.83671875 0.0484375 0.0546875
0 0.38125 0.728125 0.0453125 0.05703125
0 0.61953125 0.8953125 0.0625 0.08203125
0 0.81640625 0.9265625 0.05703125 0.065625
0 0.91796875 0.6984375 0.06015625 0.07265625
0 0.59609375 0.65078125 0.06328125 0.0828125
0 0.47109375 0.4234375 0.05078125 0.07265625
0 0.63125 0.51328125 0.06328125 0.075
0 0.91875 0.43203125 0.0625 0.065625
0 0.940625 0.34453125 0.059375 0.06953125
0 0.7375 0.21171875 0.06015625 0.06328125
0 0.26875 0.0203125 0.0625 0.040625