0 0.0453125 0.07578125 0.071875 0.1046875
0 0.1796875 0.05234375 0.08984375 0.10390625
0 0.31640625 0.1328125 0.0796875 0.0984375
0 0.39921875 0.0375 0.07734375 0.075
0 0.09765625 0.14453125 0.0859375 0.10390625
0 0.12421875 0.3859375 0.07265625 0.084375
0 0.02890625 0.453125 0.0578125 0.10625
0 0.18671875 0.46796875 0.078125 0.10234375
0 0.26640625 0.53984375 0.07109375 0.0953125
0 0.3140625 0.5765625 0.07109375 0.08359375
0 0.4453125 0.5171875 0.084375 0.10625
0 0.396875 0.6328125 0.0703125 0.10546875
0 0.31484375 0.72890625 0.0765625 0.10078125
0 0.2203125 0.72109375 0.07109375 0.1015625
0 0.1609375 0.66953125 0.0671875 0.09765625
0 0.03203125 0.675 0.0640625 0.096875
0 0.20546875 0.92578125 0.08203125 0.09765625
0 0.240625 0.8546875 0.0734375 0.0890625
0 0.3875 0.890625 0.0796875 0.1
0 0.53125 0.90625 0.071875 0.071875
0 0.53359375 0.8140625 0.07578125 0.0890625
0 0.68984375 0.91953125 0.06875 0.09296875
0 0.74453125 0.89609375 0.0671875 0.09453125
0 0.85078125 0.86875 0.08515625 0.10390625
0 0.8265625 0.96484375 0.078125 0.0703125
0 0.9703125 0.8046875 0.059375 0.09765625
0 0.8765625 0.65625 0.06640625 0.08359375
0 0.7546875 0.715625 0.06875 0.10234375
0 0.70234375 0.63125 0.06875 0.09375
0 0.81875 0.503125 0.0703125 0.08515625
0 0.92109375 0.50078125 0.06484375 0.0875
0 0.57734375 0.41328125 0.06875 0.07734375
0 0.5796875 0.3265625 0.07890625 0.0953125
0 0.5015625 0.27109375 0.071875 0.09296875
0 0.771875 0.24609375 0.06640625 0.08671875
0 0.33515625 0.29296875 0.05703125 0.06796875
0 0.26796875 0.2734375 0.065625 0.090625
0 0.51328125 0.09140625 0.078125 0.0953125
0 0.85703125 0.1265625 0.06875 0.09609375
0 0.9515625 0.175 0.07890625 0.115625
0 0.52265625 0.61796875 0.065625 0.08828125
0 0.6 0.55 0.07265625 0.096875
0 0.11328125 0.90390625 0.06796875 0.090625
0 0.021875 0.81015625 0.04296875 0.115625
0 0.16875 0.2328125 0.05703125 0.0734375
0 0.65625 0.18515625 0.05546875 0.0578125
0 0.69921875 0.26171875 0.05078125 0.05859375
0 0.7015625 0.75 0.0390625 0.05390625