0 0.21015625 0.04375 0.0703125 0.0875
0 0.553125 0.1484375 0.078125 0.09296875
0 0.6578125 0.4109375 0.07734375 0.11171875
0 0.48671875 0.4609375 0.07109375 0.1
0 0.47890625 0.29453125 0.06953125 0.09375
0 0.33671875 0.375 0.07265625 0.10390625
0 0.0375 0.36015625 0.075 0.1109375
0 0.171875 0.61640625 0.06640625 0.0921875
0 0.2828125 0.6703125 0.06640625 0.0953125
0 0.18828125 0.88671875 0.0828125 0.10703125
0 0.61953125 0.93515625 0.065625 0.0828125
0 0.76484375 0.740625 0.06328125 0.075
0 0.69375 0.76875 0.0671875 0.08671875
0 0.953125 0.63515625 0.06796875 0.06484375
0 0.875 0.39609375 0.05859375 0.0796875