0 0.2296875 0.0234375 0.0546875 0.046875
0 0.04609375 0.15703125 0.06796875 0.08984375
0 0.11640625 0.26484375 0.06328125 0.078125
0 0.2640625 0.35859375 0.0671875 0.0921875
0 0.13984375 0.4375 0.06328125 0.075
0 0.0671875 0.5390625 0.0640625 0.0828125
0 0.29453125 0.5671875 0.0640625 0.0828125
0 0.2046875 0.665625 0.0609375 0.08984375
0 0.06328125 0.684375 0.0671875 0.09765625
0 0.234375 0.815625 0.065625 0.07421875
0 0.42265625 0.8984375 0.05859375 0.06875
0 0.453125 0.978125 0.05546875 0.04296875
0 0.5171875 0.9203125 0.05546875 0.06953125
0 0.60546875 0.8703125 0.06484375 0.0796875
0 0.8421875 0.72265625 0.06953125 0.078125
0 0.5921875 0.6078125 0.065625 0.07890625
0 0.52265625 0.6296875 0.0625 0.0796875
0 0.68125 0.56171875 0.05859375 0.08203125
0 0.39375 0.21015625 0.06328125 0.09609375
0 0.72109375 0.27421875 0.05390625 0.071875
0 0.82265625 0.28671875 0.06328125 0.096875
0 0.921875 0.14296875 0.0609375 0.0875
0 0.91640625 0.4671875 0.0625 0.07734375
0 0.121875 0.07421875 0.065625 0.0734375