0 0.125 0.090625 0.06328125 0.0859375
0 0.090625 0.190625 0.07421875 0.10078125
0 0.2875 0.18828125 0.0734375 0.09296875
0 0.1796875 0.2640625 0.06875 0.1
0 0.0515625 0.40546875 0.06484375 0.0953125
0 0.21640625 0.45859375 0.06875 0.0859375
0 0.03359375 0.5953125 0.0671875 0.11015625
0 0.29375 0.65703125 0.07890625 0.09765625
0 0.36171875 0.60859375 0.0671875 0.08671875
0 0.2875 0.7421875 0.06796875 0.08359375
0 0.0578125 0.80625 0.075 0.07890625
0 0.12265625 0.8765625 0.05859375 0.0765625
0 0.27109375 0.91796875 0.065625 0.09453125
0 0.38046875 0.85703125 0.0625 0.08828125
0 0.6125 0.9625 0.06484375 0.075
0 0.76015625 0.8859375 0.0609375 0.084375
0 0.775 0.78046875 0.075 0.0890625
0 0.55 0.76953125 0.06640625 0.08828125
0 0.9 0.6234375 0.0640625 0.08828125
0 0.91875 0.51484375 0.0640625 0.08515625
0 0.78984375 0.540625 0.0640625 0.08359375
0 0.73515625 0.5578125 0.06171875 0.09453125
0 0.82109375 0.4265625 0.06328125 0.090625
0 0.95234375 0.37109375 0.0609375 0.08359375
0 0.8078125 0.31953125 0.0703125 0.08828125
0 0.70234375 0.38359375 0.07109375 0.10078125
0 0.61953125 0.3921875 0.06796875 0.0890625
0 0.4875 0.45390625 0.07734375 0.09375
0 0.97734375 0.22421875 0.0453125 0.0890625
0 0.8453125 0.22421875 0.0640625 0.090625
0 0.63984375 0.2234375 0.06015625 0.07890625
0 0.6703125 0.1375 0.06171875 0.0828125
0 0.72421875 0.0984375 0.05859375 0.07734375
0 0.975 0.04765625 0.04921875 0.08828125
0 0.425 0.22890625 0.065625 0.09296875
0 0.4109375 0.73515625 0.0546875 0.09375