0 0.153125 0.871875 0.06640625 0.0828125
0 0.29296875 0.96953125 0.05546875 0.0609375
0 0.25859375 0.83203125 0.06171875 0.0828125
0 0.19375 0.7796875 0.06328125 0.07890625
0 0.35 0.79453125 0.05859375 0.084375
0 0.5203125 0.765625 0.0578125 0.07421875
0 0.5671875 0.7484375 0.06015625 0.08125
0 0.6015625 0.87578125 0.0640625 0.0734375
0 0.534375 0.89765625 0.0453125 0.0578125
0 0.64765625 0.9765625 0.06875 0.04609375
0 0.80859375 0.96875 0.06171875 0.0625
0 0.81875 0.89140625 0.06875 0.0703125
0 0.7125 0.659375 0.059375 0.084375
0 0.6578125 0.57109375 0.059375 0.07890625
0 0.81953125 0.56171875 0.0640625 0.08828125
0 0.95 0.58515625 0.06328125 0.08359375
0 0.98203125 0.6828125 0.0359375 0.08125
0 0.7171875 0.2359375 0.06640625 0.08984375
0 0.7390625 0.13359375 0.07421875 0.0765625
0 0.834375 0.19765625 0.06015625 0.0875
0 0.97265625 0.03203125 0.0546875 0.0640625
0 0.6609375 0.021875 0.065625 0.04375
0 0.534375 0.06796875 0.06328125 0.08671875
0 0.42265625 0.04453125 0.053125 0.08828125
0 0.05390625 0.26640625 0.05625 0.08359375
0 0.16328125 0.2984375 0.06640625 0.071875
0 0.171875 0.37109375 0.05703125 0.0734375
0 0.22734375 0.33125 0.05234375 0.0765625
0 0.1453125 0.46953125 0.0640625 0.0703125
0 0.24609375 0.596875 0.05390625 0.08359375
0 0.33203125 0.528125 0.053125 0.084375
0 0.45390625 0.46484375 0.06015625 0.071875
0 0.5484375 0.40703125 0.06328125 0.0828125
0 0.4375 0.35 0.06640625 0.0875
0 0.66328125 0.4703125 0.06484375 0.078125
0 0.484375 0.62109375 0.075 0.0859375