0 0.24453125 0.79921875 0.06484375 0.09296875
0 0.35625 0.7 0.06640625 0.10078125
0 0.40390625 0.81796875 0.06328125 0.0859375
0 0.340625 0.88125 0.078125 0.08515625
0 0.36640625 0.9734375 0.06484375 0.053125
0 0.53828125 0.921875 0.06640625 0.0796875
0 0.7671875 0.45078125 0.0734375 0.08203125
0 0.69375 0.36484375 0.0796875 0.0953125
0 0.50078125 0.48515625 0.0671875 0.08828125
0 0.42734375 0.5578125 0.0734375 0.1015625
0 0.55078125 0.621875 0.06875 0.09140625
0 0.26875 0.69296875 0.05625 0.0875
0 0.134375 0.71953125 0.07109375 0.08671875
0 0.4625 0.30703125 0.065625 0.090625
0 0.69140625 0.25234375 0.06171875 0.07890625
0 0.4484375 0.20546875 0.06640625 0.084375