0 0.08046875 0.07421875 0.06796875 0.11875
0 0.18671875 0.046875 0.06640625 0.09375
0 0.24375 0.1625 0.06875 0.11484375
0 0.30078125 0.05390625 0.05859375 0.10703125
0 0.3609375 0.0828125 0.0515625 0.10234375
0 0.55234375 0.1390625 0.0671875 0.1203125
0 0.50390625 0.02421875 0.0515625 0.0484375
0 0.65703125 0.11171875 0.05703125 0.103125
0 0.66171875 0.23125 0.0671875 0.11796875
0 0.64296875 0.3890625 0.059375 0.1125
0 0.75546875 0.2921875 0.053125 0.10234375
0 0.82890625 0.2828125 0.06796875 0.1359375
0 0.88046875 0.04453125 0.0546875 0.08828125
0 0.93359375 0.02421875 0.0703125 0.04765625
0 0.93515625 0.3375 0.0703125 0.13359375
0 0.98359375 0.32265625 0.03203125 0.1046875
0 0.9515625 0.5625 0.0703125 0.1296875
0 0.78515625 0.503125 0.06875 0.13125
0 0.88046875 0.5140625 0.065625 0.115625
0 0.671875 0.63125 0.059375 0.10703125
0 0.45390625 0.54921875 0.06953125 0.121875
0 0.4140625 0.3234375 0.07109375 0.1234375
0 0.478125 0.68671875 0.06875 0.11015625
0 0.3 0.6390625 0.07109375 0.128125
0 0.228125 0.72734375 0.06484375 0.10859375
0 0.175 0.56796875 0.06875 0.12578125
0 0.09453125 0.4890625 0.059375 0.1078125
0 0.22890625 0.4171875 0.06015625 0.0984375
0 0.07265625 0.34296875 0.06640625 0.13046875
0 0.0640625 0.6140625 0.06171875 0.1078125
0 0.078125 0.81015625 0.075 0.11875
0 0.153125 0.94765625 0.06875 0.1046875
0 0.36953125 0.83828125 0.06953125 0.134375
0 0.62421875 0.8609375 0.059375 0.10625
0 0.5890625 0.9546875 0.075 0.090625
0 0.909375 0.821875 0.06328125 0.125
0 0.96796875 0.88984375 0.053125 0.1015625