0 0.0515625 0.89375 0.07734375 0.134375
0 0.15625 0.61875 0.07421875 0.13046875
0 0.24296875 0.6375 0.06796875 0.115625
0 0.3796875 0.896875 0.0734375 0.13671875
0 0.5609375 0.84140625 0.0796875 0.12578125
0 0.6984375 0.8625 0.06484375 0.1109375
0 0.671875 0.75625 0.04921875 0.09609375
0 0.7953125 0.6453125 0.07265625 0.14296875
0 0.86796875 0.68046875 0.06171875 0.1125
0 0.88828125 0.87890625 0.0625 0.1046875
0 0.8796875 0.97265625 0.07578125 0.05390625
0 0.5171875 0.48203125 0.07265625 0.134375
0 0.41796875 0.4890625 0.06484375 0.13671875
0 0.69296875 0.321875 0.0734375 0.15234375
0 0.803125 0.41875 0.0625 0.109375
0 0.796875 0.18515625 0.0734375 0.11875
0 0.92421875 0.14296875 0.07109375 0.13203125
0 0.59609375 0.190625 0.06875 0.1140625
0 0.525 0.3125 0.05703125 0.096875
0 0.36796875 0.21796875 0.0703125 0.1296875
0 0.15234375 0.03828125 0.065625 0.0765625
0 0.42578125 0.0296875 0.0625 0.059375