0 0.26640625 0.24140625 0.05703125 0.1046875
0 0.0625 0.65234375 0.05546875 0.10078125
0 0.4125 0.9578125 0.046875 0.084375
0 0.4125 0.834375 0.0609375 0.103125
0 0.43671875 0.65 0.0546875 0.09296875
0 0.375 0.47734375 0.053125 0.08984375
0 0.415625 0.17421875 0.05625 0.10546875
0 0.71171875 0.28671875 0.0578125 0.09453125
0 0.60390625 0.34765625 0.0515625 0.09375
0 0.62578125 0.76640625 0.04765625 0.08515625
0 0.79375 0.7828125 0.04609375 0.0921875
0 0.803125 0.51875 0.04765625 0.07734375
0 0.94609375 0.4421875 0.0453125 0.08359375