0 0.0265625 0.028125 0.053125 0.05546875
0 0.190625 0.034375 0.04609375 0.06875
0 0.015625 0.23828125 0.03125 0.0890625
0 0.0609375 0.315625 0.0484375 0.103125
0 0.16015625 0.40703125 0.04453125 0.08984375
0 0.28359375 0.3078125 0.059375 0.103125
0 0.25390625 0.55546875 0.04453125 0.071875
0 0.25703125 0.8140625 0.0578125 0.09140625
0 0.3765625 0.96640625 0.04921875 0.06640625
0 0.5890625 0.69921875 0.05390625 0.096875
0 0.7828125 0.603125 0.05625 0.0953125
0 0.8234375 0.503125 0.0484375 0.0765625
0 0.8 0.046875 0.053125 0.09375
0 0.71015625 0.046875 0.0453125 0.09375
0 0.653125 0.371875 0.05234375 0.10390625
0 0.475 0.84375 0.040625 0.07734375
0 0.94609375 0.975 0.06484375 0.05
0 0.121875 0.96796875 0.05625 0.0640625