0 0.06953125 0.12890625 0.05234375 0.08125
0 0.159375 0.23671875 0.04765625 0.08203125
0 0.1234375 0.46484375 0.04609375 0.07734375
0 0.20546875 0.7140625 0.04375 0.075
0 0.28359375 0.58984375 0.05703125 0.09296875
0 0.40078125 0.78359375 0.04375 0.090625
0 0.55 0.68203125 0.0515625 0.09296875
0 0.57265625 0.89765625 0.0484375 0.08671875
0 0.71484375 0.859375 0.059375 0.115625
0 0.87421875 0.8765625 0.0609375 0.08515625
0 0.81640625 0.6453125 0.05390625 0.0984375
0 0.7546875 0.49296875 0.04296875 0.08046875
0 0.88828125 0.39921875 0.0421875 0.0640625
0 0.975 0.13125 0.05 0.1265625
0 0.8109375 0.0546875 0.05625 0.10078125
0 0.60390625 0.02578125 0.05390625 0.0515625
0 0.4953125 0.08515625 0.04765625 0.0734375
0 0.265625 0.0484375 0.06015625 0.090625
0 0.60078125 0.47421875 0.05703125 0.08984375
0 0.30078125 0.29375 0.04609375 0.0921875
0 0.58203125 0.303125 0.034375 0.06484375
0 0.2046875 0.33984375 0.03671875 0.06171875
0 0.4359375 0.5203125 0.05 0.07109375