0 0.20703125 0.34453125 0.0515625 0.0890625
0 0.25546875 0.44140625 0.0453125 0.0890625
0 0.34296875 0.83203125 0.05234375 0.11328125
0 0.39453125 0.92578125 0.05859375 0.08046875
0 0.54765625 0.940625 0.0515625 0.1046875
0 0.6671875 0.746875 0.05625 0.084375
0 0.9796875 0.81875 0.040625 0.13515625
0 0.9171875 0.55390625 0.07578125 0.13125
0 0.65703125 0.4140625 0.06484375 0.1046875
0 0.74375 0.4984375 0.05625 0.10859375
0 0.52109375 0.415625 0.0546875 0.1
0 0.4515625 0.35 0.05234375 0.09296875
0 0.43359375 0.2078125 0.06171875 0.071875
0 0.60390625 0.22421875 0.0578125 0.10546875
0 0.678125 0.0609375 0.0515625 0.09921875
0 0.9078125 0.4484375 0.05234375 0.08125
0 0.7125 0.6453125 0.0703125 0.09609375
0 0.08671875 0.24453125 0.0484375 0.1078125