0 0.125 0.2765625 0.07578125 0.090625
0 0.0625 0.3921875 0.0671875 0.08125
0 0.1140625 0.434375 0.06328125 0.08515625
0 0.203125 0.4453125 0.06484375 0.09609375
0 0.1890625 0.73671875 0.0734375 0.10234375
0 0.08125 0.7078125 0.05625 0.0640625
0 0.09765625 0.81171875 0.06484375 0.090625
0 0.0203125 0.93125 0.03984375 0.09609375
0 0.228125 0.9453125 0.08828125 0.09765625
0 0.3609375 0.87421875 0.075 0.1
0 0.4921875 0.80703125 0.0734375 0.09921875
0 0.39375 0.696875 0.065625 0.08125
0 0.43671875 0.64140625 0.071875 0.08515625
0 0.425 0.5375 0.07734375 0.09375
0 0.54140625 0.56875 0.0765625 0.0953125
0 0.63828125 0.5640625 0.07109375 0.1
0 0.72734375 0.73046875 0.06796875 0.0890625
0 0.7921875 0.71953125 0.065625 0.096875
0 0.834375 0.7984375 0.07109375 0.096875
0 0.8453125 0.63125 0.06796875 0.08359375
0 0.875 0.56875 0.07421875 0.09453125
0 0.69453125 0.9625 0.06953125 0.075
0 0.8640625 0.93671875 0.0640625 0.0953125
0 0.31328125 0.21640625 0.06171875 0.07734375
0 0.3671875 0.28515625 0.0625 0.090625
0 0.46171875 0.190625 0.07578125 0.09375
0 0.52890625 0.26875 0.06640625 0.084375
0 0.55703125 0.3703125 0.075 0.090625
0 0.615625 0.153125 0.07421875 0.09453125
0 0.73203125 0.0796875 0.075 0.09140625
0 0.9734375 0.10859375 0.05234375 0.090625
0 0.92109375 0.24453125 0.07578125 0.0984375
0 0.86484375 0.30703125 0.07421875 0.08671875
0 0.83984375 0.4109375 0.0640625 0.09609375