0 0.02890625 0.32890625 0.0578125 0.0828125
0 0.0546875 0.4171875 0.06484375 0.09140625
0 0.1546875 0.50390625 0.0640625 0.12734375
0 0.37109375 0.70390625 0.0703125 0.1171875
0 0.4921875 0.9375 0.0734375 0.0765625
0 0.55859375 0.9296875 0.0625 0.075
0 0.0859375 0.7625 0.06484375 0.090625
0 0.50078125 0.24609375 0.07734375 0.10703125
0 0.48046875 0.0390625 0.08125 0.078125
0 0.64375 0.2359375 0.0984375 0.07890625
0 0.91875 0.11875 0.071875 0.0890625
0 0.85859375 0.2734375 0.0734375 0.09609375
0 0.95234375 0.63359375 0.07421875 0.06953125