0 0.23984375 0.20859375 0.0625 0.0984375
0 0.1328125 0.46171875 0.075 0.1125
0 0.203125 0.55234375 0.07109375 0.0921875
0 0.0703125 0.58203125 0.0625 0.1
0 0.17578125 0.6484375 0.06171875 0.07421875
0 0.19609375 0.7578125 0.071875 0.09453125
0 0.24375 0.9015625 0.06484375 0.0859375
0 0.40546875 0.92421875 0.0734375 0.09609375
0 0.6984375 0.68125 0.071875 0.09375
0 0.80390625 0.725 0.0640625 0.08046875
0 0.734375 0.57265625 0.05625 0.08203125
0 0.64296875 0.54609375 0.06015625 0.084375
0 0.6046875 0.79609375 0.05703125 0.07890625
0 0.7 0.9125 0.06328125 0.07109375
0 0.7953125 0.93515625 0.0609375 0.08359375
0 0.93828125 0.640625 0.07265625 0.0890625
0 0.8828125 0.24375 0.05703125 0.0859375
0 0.965625 0.19453125 0.05390625 0.07421875
0 0.9375 0.30390625 0.06328125 0.09609375
0 0.95703125 0.06328125 0.06484375 0.0796875
0 0.7734375 0.06640625 0.07421875 0.09375
0 0.696875 0.36171875 0.07578125 0.0859375
0 0.6984375 0.4375 0.0578125 0.059375
0 0.46328125 0.31796875 0.06015625 0.08515625
0 0.3390625 0.1328125 0.0546875 0.06796875
0 0.6140625 0.09609375 0.05546875 0.09765625
0 0.45 0.18125 0.05546875 0.084375
0 0.69375 0.16953125 0.053125 0.06953125
0 0.73359375 0.27734375 0.0640625 0.08046875
0 0.434375 0.68828125 0.06796875 0.096875