0 0.05234375 0.2234375 0.07265625 0.1
0 0.09921875 0.1125 0.0609375 0.0953125
0 0.35625 0.07421875 0.07109375 0.103125
0 0.53671875 0.14296875 0.07421875 0.0921875
0 0.51875 0.23828125 0.07421875 0.0828125
0 0.70078125 0.2859375 0.0625 0.08125
0 0.9375 0.17109375 0.07578125 0.10234375
0 0.91484375 0.43125 0.07109375 0.09296875
0 0.9796875 0.446875 0.040625 0.08125
0 0.8484375 0.478125 0.0609375 0.10625
0 0.9609375 0.60625 0.07265625 0.11015625
0 0.74140625 0.61953125 0.05625 0.0890625
0 0.7140625 0.7328125 0.065625 0.0953125
0 0.5046875 0.728125 0.06875 0.08984375
0 0.39453125 0.71328125 0.0671875 0.10078125
0 0.33984375 0.72890625 0.05390625 0.0765625
0 0.278125 0.8453125 0.06796875 0.09296875
0 0.13984375 0.89453125 0.0703125 0.09609375
0 0.146875 0.7421875 0.06796875 0.09609375
0 0.1453125 0.596875 0.06953125 0.09921875
0 0.021875 0.509375 0.04375 0.0875
0 0.278125 0.3359375 0.065625 0.1
0 0.02578125 0.0296875 0.0515625 0.05859375
0 0.42890625 0.51875 0.0828125 0.09765625
0 0.65 0.41640625 0.0578125 0.09296875
0 0.63046875 0.53125 0.0609375 0.10078125
0 0.80703125 0.709375 0.078125 0.10078125
0 0.7375 0.08515625 0.0671875 0.07421875
0 0.45703125 0.40390625 0.0765625 0.0859375