0 0.13984375 0.78046875 0.06796875 0.0921875
0 0.21171875 0.8421875 0.0625 0.09296875
0 0.39296875 0.8625 0.06015625 0.09296875
0 0.53359375 0.9140625 0.06796875 0.10078125
0 0.615625 0.75234375 0.06640625 0.0953125
0 0.6875 0.6328125 0.0625 0.08671875
0 0.73125 0.4953125 0.05703125 0.07734375
0 0.48359375 0.56328125 0.06640625 0.07734375
0 0.39296875 0.55859375 0.071875 0.09140625
0 0.28984375 0.59453125 0.06328125 0.0875
0 0.321875 0.21328125 0.06015625 0.08125
0 0.3515625 0.0390625 0.05625 0.07734375
0 0.50234375 0.03828125 0.05546875 0.0640625
0 0.58515625 0.04921875 0.07421875 0.09609375
0 0.7328125 0.17578125 0.0671875 0.09296875
0 0.85390625 0.09453125 0.0609375 0.103125
0 0.96953125 0.2296875 0.0609375 0.10234375
0 0.85 0.34453125 0.059375 0.090625
0 0.5359375 0.30625 0.065625 0.0921875
0 0.45390625 0.45078125 0.06171875 0.07734375