0 0.028125 0.46796875 0.05625 0.1140625
0 0.3359375 0.54609375 0.07109375 0.12578125
0 0.5078125 0.4328125 0.06484375 0.12734375
0 0.50546875 0.1046875 0.06484375 0.12109375
0 0.18359375 0.14453125 0.05703125 0.109375
0 0.23359375 0.0734375 0.05625 0.13203125
0 0.06796875 0.1859375 0.0671875 0.11953125
0 0.1375 0.43515625 0.05078125 0.1125
0 0.075 0.66328125 0.0515625 0.10078125
0 0.20390625 0.88046875 0.05 0.1296875
0 0.25234375 0.86484375 0.0484375 0.103125
0 0.46015625 0.78828125 0.05 0.1171875
0 0.54609375 0.8265625 0.06796875 0.1390625
0 0.7625 0.75625 0.0625 0.12109375
0 0.91484375 0.95546875 0.06953125 0.0890625
0 0.7234375 0.96328125 0.06171875 0.0734375
0 0.94765625 0.07578125 0.0703125 0.11328125
0 0.97265625 0.2375 0.0546875 0.12109375
0 0.85234375 0.48359375 0.059375 0.11875
0 0.7265625 0.3921875 0.0640625 0.096875
0 0.16484375 0.32421875 0.04140625 0.0828125