0 0.140625 0.18046875 0.0609375 0.125
0 0.33359375 0.23671875 0.0671875 0.12421875
0 0.53359375 0.3421875 0.0625 0.10625
0 0.70078125 0.27734375 0.06171875 0.115625
0 0.8265625 0.3046875 0.05859375 0.11640625
0 0.82578125 0.5046875 0.059375 0.11640625
0 0.9578125 0.75625 0.05546875 0.08828125
0 0.9609375 0.87265625 0.06328125 0.10078125
0 0.034375 0.04921875 0.06875 0.0984375
0 0.08828125 0.2234375 0.0484375 0.084375
0 0.3765625 0.46015625 0.0625 0.10703125
0 0.4671875 0.5734375 0.05703125 0.10390625
0 0.36484375 0.65859375 0.059375 0.08828125
0 0.5765625 0.95078125 0.0546875 0.0984375
0 0.68515625 0.940625 0.06328125 0.1125
0 0.76796875 0.80078125 0.06484375 0.10703125
0 0.73359375 0.70078125 0.0484375 0.0828125
0 0.8265625 0.90625 0.05703125 0.09609375
0 0.46484375 0.30625 0.05390625 0.0984375
0 0.2921875 0.45546875 0.0609375 0.0828125
0 0.53203125 0.6375 0.05390625 0.07734375
0 0.32890625 0.8921875 0.05703125 0.0984375