0 0.2109375 0.47578125 0.06484375 0.09765625
0 0.0796875 0.5546875 0.0578125 0.090625
0 0.28359375 0.5875 0.06015625 0.0890625
0 0.24375 0.75859375 0.0703125 0.09140625
0 0.115625 0.871875 0.0703125 0.1046875
0 0.0796875 0.9671875 0.0671875 0.065625
0 0.315625 0.9390625 0.06484375 0.1
0 0.76796875 0.75234375 0.0734375 0.0921875
0 0.81953125 0.975 0.0671875 0.05
0 0.80546875 0.53671875 0.07578125 0.0875
0 0.765625 0.33671875 0.05859375 0.08828125
0 0.665625 0.39765625 0.06484375 0.0890625
0 0.56484375 0.40625 0.06484375 0.10390625
0 0.3125 0.31484375 0.06484375 0.08515625
0 0.2578125 0.26484375 0.053125 0.0890625
0 0.2921875 0.40234375 0.06328125 0.07578125
0 0.06953125 0.2640625 0.08203125 0.08125
0 0.528125 0.18984375 0.07109375 0.08671875
0 0.67109375 0.18046875 0.078125 0.1125
0 0.496875 0.73828125 0.07109375 0.096875
0 0.5171875 0.55234375 0.06484375 0.08515625
0 0.88203125 0.209375 0.05859375 0.0953125
0 0.0671875 0.03203125 0.06171875 0.0640625