0 0.18359375 0.04609375 0.0578125 0.09140625
0 0.28359375 0.09375 0.06640625 0.1203125
0 0.40390625 0.109375 0.0625 0.11953125
0 0.33671875 0.33671875 0.0625 0.1078125
0 0.04765625 0.73203125 0.06328125 0.1109375
0 0.28046875 0.6515625 0.06484375 0.11640625
0 0.3296875 0.859375 0.0515625 0.11015625
0 0.48046875 0.6671875 0.05390625 0.10546875
0 0.55078125 0.85625 0.059375 0.103125
0 0.7171875 0.95625 0.06171875 0.08671875
0 0.69609375 0.78125 0.05078125 0.0875
0 0.80546875 0.77734375 0.059375 0.103125
0 0.8296875 0.9671875 0.05625 0.065625
0 0.78125 0.2921875 0.06328125 0.1140625
0 0.6015625 0.20078125 0.05625 0.1078125
0 0.6578125 0.253125 0.05078125 0.090625
0 0.728125 0.3640625 0.0515625 0.1015625
0 0.5421875 0.3703125 0.0625 0.11640625
0 0.53828125 0.565625 0.0546875 0.11015625
0 0.6140625 0.58359375 0.0625 0.11328125
0 0.92109375 0.4421875 0.06171875 0.09375
0 0.91875 0.28828125 0.06015625 0.10078125