0 0.034375 0.25546875 0.0625 0.12734375
0 0.1078125 0.20078125 0.046875 0.10390625
0 0.11015625 0.3390625 0.059375 0.1
0 0.025 0.5859375 0.05 0.140625
0 0.09765625 0.64140625 0.06171875 0.11953125
0 0.1453125 0.81328125 0.05703125 0.1125
0 0.04921875 0.74609375 0.06875 0.1234375
0 0.503125 0.69296875 0.0578125 0.11875
0 0.51875 0.83125 0.05546875 0.10234375
0 0.5671875 0.69921875 0.053125 0.0953125
0 0.64140625 0.63515625 0.05625 0.0859375
0 0.584375 0.53984375 0.0671875 0.10625
0 0.75390625 0.9359375 0.05625 0.10078125
0 0.840625 0.9140625 0.065625 0.11875
0 0.4625 0.94140625 0.05703125 0.1015625
0 0.23203125 0.5765625 0.059375 0.1234375
0 0.39765625 0.29609375 0.06328125 0.121875
0 0.31484375 0.2015625 0.05 0.09296875
0 0.46796875 0.21484375 0.06171875 0.11171875
0 0.5734375 0.0671875 0.06796875 0.11953125
0 0.64921875 0.1015625 0.06484375 0.09609375
0 0.66875 0.24140625 0.06640625 0.12109375
0 0.5921875 0.24140625 0.046875 0.09453125
0 0.61328125 0.37109375 0.06953125 0.11640625
0 0.96171875 0.76796875 0.05546875 0.1046875