0 0.03984375 0.05625 0.0671875 0.1125
0 0.23515625 0.09765625 0.06953125 0.1359375
0 0.3296875 0.21328125 0.07109375 0.1234375
0 0.4859375 0.109375 0.059375 0.1109375
0 0.63125 0.15078125 0.05625 0.10390625
0 0.84453125 0.075 0.0640625 0.10859375
0 0.80859375 0.2703125 0.07421875 0.134375
0 0.9265625 0.24453125 0.0734375 0.11796875
0 0.840625 0.17109375 0.04453125 0.07578125
0 0.80546875 0.58515625 0.07109375 0.13359375
0 0.75703125 0.68828125 0.0578125 0.0953125
0 0.85546875 0.715625 0.0734375 0.13359375
0 0.84140625 0.890625 0.05859375 0.11171875
0 0.7078125 0.9078125 0.06640625 0.13828125
0 0.609375 0.90234375 0.065625 0.13828125
0 0.61171875 0.73515625 0.065625 0.115625
0 0.64375 0.63125 0.06796875 0.115625
0 0.5703125 0.63203125 0.05390625 0.09765625
0 0.48046875 0.49453125 0.06953125 0.134375
0 0.5484375 0.4015625 0.06796875 0.1140625
0 0.30390625 0.46796875 0.07109375 0.1234375
0 0.33203125 0.59453125 0.06875 0.121875
0 0.20390625 0.63515625 0.06328125 0.09765625
0 0.21640625 0.49921875 0.059375 0.121875
0 0.15 0.45234375 0.07265625 0.1265625
0 0.11484375 0.25703125 0.065625 0.128125
0 0.27890625 0.93515625 0.06171875 0.1078125
0 0.46484375 0.921875 0.07734375 0.12421875
0 0.9859375 0.37109375 0.02734375 0.13046875
0 0.6296875 0.03203125 0.059375 0.0640625