0 0.19375 0.15234375 0.0578125 0.109375
0 0.3515625 0.2109375 0.059375 0.11953125
0 0.246875 0.43125 0.05703125 0.1046875
0 0.13125 0.44140625 0.0703125 0.12421875
0 0.0765625 0.6171875 0.0546875 0.10390625
0 0.12734375 0.75078125 0.05859375 0.10625
0 0.21484375 0.78046875 0.0515625 0.08828125
0 0.1109375 0.91171875 0.07734375 0.11015625
0 0.19765625 0.90078125 0.065625 0.1078125
0 0.3921875 0.79609375 0.059375 0.10078125
0 0.484375 0.68203125 0.06484375 0.109375
0 0.521875 0.9171875 0.0578125 0.11875
0 0.61875 0.89921875 0.06640625 0.121875
0 0.94375 0.76796875 0.06875 0.1296875
0 0.89453125 0.41875 0.059375 0.0875
0 0.78046875 0.31484375 0.059375 0.12578125
0 0.66875 0.2984375 0.05859375 0.10390625
0 0.765625 0.1671875 0.059375 0.10078125
0 0.55234375 0.1015625 0.06484375 0.115625
0 0.1046875 0.184375 0.06171875 0.11484375
0 0.45078125 0.3859375 0.06015625 0.1140625