0 0.19921875 0.2640625 0.0734375 0.134375
0 0.24296875 0.50546875 0.0671875 0.121875
0 0.0359375 0.68203125 0.06796875 0.140625
0 0.3640625 0.97421875 0.0671875 0.05078125
0 0.359375 0.56171875 0.0765625 0.11328125
0 0.44296875 0.47734375 0.07265625 0.12265625
0 0.36484375 0.17109375 0.06640625 0.1421875
0 0.5203125 0.1921875 0.071875 0.1234375
0 0.51640625 0.07890625 0.0484375 0.090625
0 0.64296875 0.196875 0.06875 0.115625
0 0.753125 0.20234375 0.06953125 0.12890625
0 0.82890625 0.0796875 0.07109375 0.096875
0 0.921875 0.09765625 0.0703125 0.128125
0 0.96953125 0.46796875 0.0609375 0.12109375
0 0.6984375 0.415625 0.08359375 0.12109375
0 0.6640625 0.85546875 0.06796875 0.13515625
0 0.92734375 0.89765625 0.06953125 0.11328125
0 0.7703125 0.95625 0.0703125 0.0875
0 0.89765625 0.975 0.065625 0.05
0 0.38984375 0.6421875 0.05546875 0.1046875
0 0.02421875 0.9546875 0.0484375 0.090625