0 0.03671875 0.225 0.06171875 0.09296875
0 0.134375 0.1828125 0.07421875 0.11875
0 0.2203125 0.36328125 0.06875 0.11796875
0 0.06640625 0.36953125 0.07578125 0.10390625
0 0.0953125 0.43828125 0.05390625 0.084375
0 0.16328125 0.46875 0.05078125 0.07890625
0 0.27734375 0.44375 0.05625 0.11015625
0 0.01953125 0.796875 0.0390625 0.090625
0 0.15625 0.85078125 0.06640625 0.1140625
0 0.0265625 0.96640625 0.053125 0.065625
0 0.44765625 0.81875 0.046875 0.0875
0 0.50390625 0.8078125 0.06484375 0.115625
0 0.64140625 0.9203125 0.0515625 0.07265625
0 0.79140625 0.81953125 0.06484375 0.11875
0 0.85859375 0.909375 0.05703125 0.1125
0 0.79609375 0.7 0.06640625 0.0953125
0 0.6453125 0.65078125 0.053125 0.09375
0 0.66171875 0.53828125 0.0734375 0.1234375
0 0.56640625 0.54921875 0.06640625 0.11796875
0 0.48671875 0.546875 0.0703125 0.1390625
0 0.40078125 0.49453125 0.065625 0.1203125
0 0.39921875 0.3828125 0.05078125 0.09375
0 0.9 0.3921875 0.06171875 0.11015625
0 0.9546875 0.2109375 0.06953125 0.12421875
0 0.875 0.18046875 0.0671875 0.1078125
0 0.61015625 0.1359375 0.06484375 0.11875
0 0.384375 0.10390625 0.06015625 0.10546875
0 0.27265625 0.04609375 0.0578125 0.0921875
0 0.96640625 0.60546875 0.0671875 0.11796875
0 0.6734375 0.1328125 0.04921875 0.10078125