0 0.13046875 0.11328125 0.05390625 0.1
0 0.209375 0.271875 0.0484375 0.08359375
0 0.3140625 0.35390625 0.05234375 0.08515625
0 0.3828125 0.4609375 0.05234375 0.084375
0 0.11015625 0.48984375 0.04765625 0.084375
0 0.15078125 0.68125 0.0546875 0.08984375
0 0.08046875 0.80625 0.05078125 0.10234375
0 0.2453125 0.85078125 0.04609375 0.0796875
0 0.34609375 0.85 0.05390625 0.10703125
0 0.45390625 0.75390625 0.04765625 0.08828125
0 0.55 0.728125 0.040625 0.075
0 0.64765625 0.734375 0.0546875 0.1
0 0.68671875 0.93828125 0.05078125 0.08125
0 0.9609375 0.81640625 0.05078125 0.08671875
0 0.90390625 0.890625 0.04609375 0.059375
0 0.946875 0.56171875 0.05078125 0.0953125
0 0.4640625 0.59140625 0.03828125 0.071875
0 0.50390625 0.45703125 0.03359375 0.071875
0 0.65546875 0.42734375 0.05625 0.0921875
0 0.75859375 0.3796875 0.03515625 0.0640625
0 0.95234375 0.14375 0.0546875 0.09375
0 0.86953125 0.1453125 0.0359375 0.06875
0 0.575 0.3234375 0.03984375 0.06640625
0 0.721875 0.109375 0.0390625 0.08046875
0 0.53359375 0.04140625 0.03125 0.05859375
0 0.4359375 0.08828125 0.05 0.075
0 0.4328125 0.28671875 0.03046875 0.05625