0 0.04765625 0.4109375 0.06953125 0.121875
0 0.13828125 0.35390625 0.0671875 0.125
0 0.0796875 0.03515625 0.06796875 0.0703125
0 0.34921875 0.08984375 0.05 0.0984375
0 0.42109375 0.1375 0.053125 0.09296875
0 0.51953125 0.05703125 0.08828125 0.1140625
0 0.65234375 0.05234375 0.0765625 0.1046875
0 0.76875 0.12421875 0.07109375 0.10234375
0 0.95078125 0.071875 0.06484375 0.09296875
0 0.71875 0.24140625 0.08046875 0.1078125
0 0.82890625 0.37265625 0.0828125 0.13203125
0 0.88828125 0.63828125 0.065625 0.1078125
0 0.97578125 0.7 0.0484375 0.13671875
0 0.8703125 0.9703125 0.071875 0.059375
0 0.7453125 0.953125 0.0734375 0.09375
0 0.53671875 0.83984375 0.05859375 0.09609375
0 0.47734375 0.92109375 0.07265625 0.1078125
0 0.33671875 0.753125 0.07421875 0.12734375
0 0.35234375 0.89921875 0.06171875 0.1140625
0 0.075 0.85 0.06484375 0.10390625
0 0.4 0.49296875 0.06640625 0.109375
0 0.37578125 0.28671875 0.07265625 0.1203125
0 0.51484375 0.3703125 0.0703125 0.12109375
0 0.5640625 0.5109375 0.06796875 0.10625
0 0.6640625 0.52578125 0.06171875 0.10390625
0 0.31953125 0.37578125 0.05546875 0.09140625
0 0.1984375 0.584375 0.06015625 0.0953125