0 0.18046875 0.25 0.05625 0.08203125
0 0.0796875 0.2796875 0.078125 0.08046875
0 0.34453125 0.2625 0.059375 0.07265625
0 0.27734375 0.37109375 0.06796875 0.084375
0 0.43984375 0.2703125 0.06171875 0.08125
0 0.053125 0.72109375 0.06953125 0.0859375
0 0.1421875 0.75234375 0.06328125 0.08359375
0 0.19453125 0.8625 0.07265625 0.084375
0 0.23515625 0.9453125 0.06328125 0.075
0 0.47109375 0.778125 0.05625 0.07265625
0 0.75078125 0.790625 0.065625 0.07890625
0 0.96328125 0.553125 0.05703125 0.0765625
0 0.8796875 0.50234375 0.05859375 0.06875
0 0.81328125 0.31171875 0.0578125 0.07578125
0 0.9078125 0.33125 0.05546875 0.0765625
0 0.94921875 0.04453125 0.0640625 0.0703125
0 0.928125 0.1703125 0.06484375 0.078125
0 0.72578125 0.115625 0.0609375 0.08671875
0 0.6234375 0.09453125 0.06640625 0.075
0 0.49375 0.68984375 0.05859375 0.071875
0 0.6015625 0.459375 0.059375 0.08046875
0 0.16015625 0.06796875 0.05703125 0.07734375
0 0.14296875 0.6640625 0.05546875 0.06796875
0 0.73984375 0.3765625 0.05546875 0.06875
0 0.44453125 0.1765625 0.06015625 0.07578125
0 0.80859375 0.94453125 0.06484375 0.06796875