0 0.0265625 0.053125 0.053125 0.10625
0 0.17421875 0.17578125 0.07421875 0.09375
0 0.08203125 0.065625 0.06328125 0.103125
0 0.1765625 0.46171875 0.065625 0.0828125
0 0.1390625 0.59375 0.0625 0.0890625
0 0.33359375 0.8234375 0.071875 0.10625
0 0.46640625 0.8140625 0.0640625 0.1140625
0 0.47265625 0.25546875 0.06015625 0.11015625
0 0.5453125 0.26328125 0.05078125 0.065625
0 0.52421875 0.1765625 0.06015625 0.08359375
0 0.6875 0.5515625 0.0609375 0.08359375
0 0.75234375 0.4765625 0.0671875 0.07578125
0 0.8546875 0.64140625 0.075 0.0859375
0 0.95234375 0.75625 0.0609375 0.06796875
0 0.25703125 0.0296875 0.06640625 0.059375
0 0.475 0.42890625 0.0546875 0.08359375