0 0.1265625 0.025 0.08359375 0.05
0 0.303125 0.0578125 0.07265625 0.08671875
0 0.38046875 0.0375 0.06328125 0.075
0 0.44453125 0.128125 0.07265625 0.1046875
0 0.57890625 0.13828125 0.0578125 0.0765625
0 0.62890625 0.04140625 0.0703125 0.0828125
0 0.68984375 0.09609375 0.071875 0.09765625
0 0.81171875 0.1046875 0.065625 0.1109375
0 0.90703125 0.08203125 0.046875 0.05859375
0 0.93515625 0.13046875 0.07109375 0.0796875
0 0.90078125 0.23125 0.0640625 0.084375
0 0.65 0.2125 0.0609375 0.09453125
0 0.753125 0.278125 0.0640625 0.09609375
0 0.85703125 0.43125 0.06796875 0.09140625
0 0.78515625 0.421875 0.05078125 0.06796875
0 0.98046875 0.48828125 0.0390625 0.09921875
0 0.67734375 0.4765625 0.07265625 0.09765625
0 0.60078125 0.490625 0.06015625 0.0859375
0 0.45 0.42421875 0.0625 0.09296875
0 0.375 0.39453125 0.0671875 0.0796875
0 0.378125 0.48828125 0.07265625 0.09296875
0 0.29296875 0.49140625 0.06484375 0.078125
0 0.28515625 0.42109375 0.0390625 0.05625
0 0.24296875 0.22890625 0.07578125 0.09140625
0 0.1953125 0.14921875 0.0546875 0.06875
0 0.1140625 0.15078125 0.071875 0.08203125
0 0.07734375 0.2375 0.06640625 0.078125
0 0.10234375 0.32109375 0.071875 0.09765625
0 0.0296875 0.40390625 0.05859375 0.08046875
0 0.0390625 0.48359375 0.07734375 0.0890625
0 0.084375 0.7125 0.06484375 0.08984375
0 0.209375 0.68203125 0.06953125 0.09375
0 0.309375 0.65546875 0.0625 0.07734375
0 0.37734375 0.66328125 0.0640625 0.0875
0 0.45078125 0.65078125 0.0703125 0.0875
0 0.565625 0.57421875 0.05625 0.0625
0 0.59375 0.66015625 0.06484375 0.09296875
0 0.69140625 0.6734375 0.0640625 0.090625
0 0.7875 0.6171875 0.07265625 0.10625
0 0.93203125 0.6140625 0.06484375 0.0828125
0 0.97421875 0.75078125 0.0515625 0.0765625
0 0.93125 0.815625 0.0734375 0.1015625
0 0.8421875 0.85546875 0.06796875 0.10703125
0 0.7515625 0.8625 0.0640625 0.0890625
0 0.665625 0.92265625 0.07265625 0.1
0 0.60234375 0.87734375 0.06171875 0.09296875
0 0.39609375 0.8390625 0.075 0.09140625
0 0.26171875 0.93046875 0.06640625 0.08203125
0 0.15078125 0.91015625 0.0765625 0.0890625
0 0.075 0.80390625 0.06484375 0.08203125
0 0.23671875 0.9796875 0.06015625 0.040625
0 0.44140625 0.24765625 0.06875 0.0921875
0 0.50078125 0.25390625 0.03671875 0.046875
0 0.1453125 0.54765625 0.0546875 0.0671875