0 0.15390625 0.240625 0.05546875 0.078125
0 0.2859375 0.20078125 0.05703125 0.075
0 0.35234375 0.184375 0.05546875 0.06796875
0 0.44453125 0.16328125 0.05234375 0.06484375
0 0.4546875 0.08046875 0.0546875 0.06796875
0 0.63046875 0.1640625 0.0546875 0.06796875
0 0.63203125 0.2328125 0.05 0.065625
0 0.80625 0.06640625 0.0546875 0.0765625
0 0.97578125 0.2578125 0.0484375 0.075
0 0.82890625 0.334375 0.0546875 0.075
0 0.76015625 0.32734375 0.05078125 0.065625
0 0.68125 0.40703125 0.0515625 0.0734375
0 0.70390625 0.48515625 0.04765625 0.06484375
0 0.76171875 0.55 0.04921875 0.06171875
0 0.78203125 0.6046875 0.05390625 0.06875
0 0.9625 0.690625 0.059375 0.0703125
0 0.89296875 0.70234375 0.04921875 0.0640625
0 0.9671875 0.78671875 0.0578125 0.071875
0 0.89765625 0.92265625 0.05625 0.08359375
0 0.834375 0.97109375 0.0515625 0.0578125
0 0.49453125 0.90078125 0.0609375 0.07421875
0 0.5921875 0.80859375 0.059375 0.07578125
0 0.8015625 0.69375 0.05546875 0.090625
0 0.5984375 0.66640625 0.05546875 0.07421875
0 0.5 0.67890625 0.0625 0.0875
0 0.48515625 0.4640625 0.05859375 0.07578125
0 0.4890625 0.35078125 0.0546875 0.0640625
0 0.375 0.26875 0.06328125 0.0671875
0 0.32109375 0.36796875 0.04296875 0.06015625
0 0.20703125 0.4203125 0.05625 0.0734375
0 0.384375 0.54765625 0.0484375 0.05859375
0 0.35234375 0.62265625 0.053125 0.06796875
0 0.23828125 0.61953125 0.0625 0.0796875
0 0.2484375 0.725 0.0609375 0.0703125
0 0.165625 0.9125 0.05 0.06875
0 0.084375 0.871875 0.053125 0.06953125
0 0.1421875 0.83828125 0.046875 0.0609375
0 0.07578125 0.640625 0.046875 0.05859375
0 0.0453125 0.39921875 0.06328125 0.07578125
0 0.10546875 0.52578125 0.05234375 0.05390625
0 0.08046875 0.07109375 0.05234375 0.065625
0 0.70703125 0.6421875 0.0453125 0.05625