0 0.0421875 0.28984375 0.06484375 0.0859375
0 0.23203125 0.29453125 0.06875 0.09296875
0 0.21796875 0.39296875 0.06484375 0.0875
0 0.02734375 0.47265625 0.0546875 0.0765625
0 0.134375 0.55390625 0.0609375 0.08984375
0 0.18359375 0.79765625 0.06171875 0.08671875
0 0.28046875 0.90078125 0.06484375 0.08828125
0 0.4890625 0.82109375 0.06796875 0.09453125
0 0.534375 0.7015625 0.06484375 0.084375
0 0.70625 0.9265625 0.06796875 0.0875
0 0.9 0.403125 0.0671875 0.08984375
0 0.96328125 0.303125 0.0734375 0.090625
0 0.76328125 0.20625 0.06875 0.0953125
0 0.6296875 0.1828125 0.065625 0.0921875
0 0.5171875 0.0703125 0.06953125 0.1046875
0 0.44609375 0.3390625 0.06484375 0.0828125
0 0.52578125 0.42890625 0.06640625 0.0875
0 0.45 0.46953125 0.059375 0.07734375
0 0.3703125 0.62890625 0.06953125 0.08984375