0 0.19140625 0.06875 0.07421875 0.11953125
0 0.24296875 0.18515625 0.0625 0.10234375
0 0.2875 0.1515625 0.06328125 0.07578125
0 0.40234375 0.271875 0.08515625 0.0953125
0 0.34296875 0.34453125 0.0546875 0.07890625
0 0.3046875 0.4828125 0.1 0.1125
0 0.29765625 0.625 0.08828125 0.1109375
0 0.46171875 0.89453125 0.078125 0.121875
0 0.53203125 0.759375 0.07109375 0.10859375
0 0.6796875 0.803125 0.084375 0.1046875
0 0.746875 0.78125 0.05703125 0.09921875
0 0.91640625 0.42578125 0.08359375 0.1171875
0 0.8484375 0.53515625 0.075 0.0859375
0 0.76796875 0.53046875 0.07421875 0.09375
0 0.67421875 0.28203125 0.078125 0.0953125
0 0.79375 0.2765625 0.08203125 0.11953125
0 0.553125 0.4328125 0.096875 0.1125