0 0.1375 0.25234375 0.05234375 0.07734375
0 0.1984375 0.303125 0.05859375 0.10234375
0 0.0640625 0.4265625 0.0734375 0.1046875
0 0.28828125 0.48515625 0.0578125 0.08359375
0 0.33984375 0.565625 0.0625 0.10234375
0 0.23359375 0.746875 0.05703125 0.09609375
0 0.1671875 0.746875 0.05 0.07421875
0 0.54375 0.80234375 0.05234375 0.065625
0 0.69765625 0.8359375 0.05 0.0734375
0 0.725 0.76171875 0.0515625 0.0796875
0 0.67734375 0.6625 0.06875 0.07890625
0 0.6875 0.57890625 0.05859375 0.07734375
0 0.76640625 0.4609375 0.0546875 0.0703125
0 0.746875 0.37578125 0.05546875 0.07890625
0 0.47890625 0.43125 0.053125 0.084375
0 0.384375 0.365625 0.059375 0.10390625
0 0.53984375 0.2796875 0.06953125 0.09921875
0 0.484375 0.1078125 0.06640625 0.07578125
0 0.6953125 0.04609375 0.0609375 0.0796875
0 0.87578125 0.215625 0.06640625 0.090625
0 0.96640625 0.42109375 0.05703125 0.08203125
0 0.89375 0.5734375 0.071875 0.09921875
0 0.95 0.7390625 0.06171875 0.075
0 0.978125 0.85546875 0.04375 0.0890625
0 0.9125 0.01640625 0.053125 0.0328125
0 0.22421875 0.1609375 0.0578125 0.09609375