0 0.02734375 0.04921875 0.0546875 0.096875
0 0.03984375 0.15859375 0.071875 0.09453125
0 0.1078125 0.2265625 0.0578125 0.09296875
0 0.2125 0.23046875 0.06328125 0.084375
0 0.24765625 0.38671875 0.071875 0.0875
0 0.0140625 0.38515625 0.02734375 0.09765625
0 0.06640625 0.54921875 0.0640625 0.10546875
0 0.16015625 0.6453125 0.059375 0.090625
0 0.225 0.75390625 0.06484375 0.0859375
0 0.1125 0.89375 0.0546875 0.07890625
0 0.06953125 0.96953125 0.0546875 0.0609375
0 0.23515625 0.9203125 0.040625 0.05703125
0 0.34375 0.93515625 0.06875 0.0890625
0 0.3703125 0.83203125 0.04765625 0.06640625
0 0.50546875 0.8890625 0.06171875 0.0921875
0 0.584375 0.89140625 0.05546875 0.08203125
0 0.71796875 0.8578125 0.05859375 0.08046875
0 0.825 0.9375 0.06171875 0.07265625
0 0.88203125 0.85390625 0.071875 0.08984375
0 0.94453125 0.9015625 0.05625 0.07890625
0 0.79609375 0.58515625 0.0671875 0.08828125
0 0.8609375 0.61328125 0.03671875 0.04765625
0 0.96875 0.5515625 0.0625 0.0875
0 0.77890625 0.4359375 0.06328125 0.08984375
0 0.678125 0.50234375 0.0640625 0.09140625
0 0.64765625 0.4328125 0.06484375 0.0765625
0 0.75625 0.23359375 0.06328125 0.08984375
0 0.79140625 0.15859375 0.05078125 0.08125
0 0.9078125 0.0265625 0.0578125 0.053125
0 0.66328125 0.1765625 0.05859375 0.08046875
0 0.596875 0.1265625 0.059375 0.08515625
0 0.51640625 0.15625 0.06171875 0.0859375
0 0.36796875 0.125 0.06171875 0.0875
0 0.371875 0.26328125 0.06640625 0.084375
0 0.3828125 0.35859375 0.0578125 0.0875
0 0.45078125 0.46875 0.06796875 0.08671875
0 0.296875 0.49609375 0.05859375 0.0734375
0 0.26328125 0.5765625 0.06640625 0.0859375
0 0.4078125 0.5671875 0.0734375 0.08359375
0 0.42734375 0.64296875 0.0609375 0.06640625
0 0.46875 0.70078125 0.04453125 0.0546875
0 0.52421875 0.690625 0.0453125 0.0609375
0 0.63515625 0.6890625 0.0625 0.0953125
0 0.24609375 0.01796875 0.0546875 0.0359375
0 0.528125 0.28515625 0.05546875 0.08828125