0 0.04375 0.26484375 0.06796875 0.12265625
0 0.1734375 0.10078125 0.078125 0.11640625
0 0.17578125 0.22265625 0.0421875 0.07265625
0 0.28828125 0.32265625 0.0640625 0.1078125
0 0.20859375 0.48046875 0.06953125 0.11796875
0 0.0828125 0.48984375 0.06875 0.10703125
0 0.08125 0.71875 0.07109375 0.11328125
0 0.19296875 0.82109375 0.04453125 0.1015625
0 0.28984375 0.74453125 0.06328125 0.09609375
0 0.38984375 0.8578125 0.05546875 0.11171875
0 0.425 0.7625 0.0453125 0.0828125
0 0.56484375 0.809375 0.05 0.11875
0 0.628125 0.9671875 0.04453125 0.065625
0 0.63984375 0.88359375 0.059375 0.09765625
0 0.7125 0.71484375 0.05703125 0.1171875
0 0.59921875 0.64609375 0.06328125 0.134375
0 0.71953125 0.56328125 0.06171875 0.10390625
0 0.80625 0.496875 0.0546875 0.09453125
0 0.68125 0.41484375 0.05390625 0.10859375
0 0.5375 0.4125 0.0625 0.1109375
0 0.40625 0.3515625 0.05390625 0.125
0 0.4359375 0.19140625 0.04921875 0.1109375
0 0.49765625 0.22109375 0.04765625 0.103125
0 0.61640625 0.175 0.06640625 0.109375
0 0.821875 0.16875 0.06640625 0.13828125
0 0.9 0.14375 0.05703125 0.09140625
0 0.784375 0.29765625 0.04921875 0.09296875
0 0.6421875 0.065625 0.046875 0.09765625
0 0.97421875 0.9015625 0.0515625 0.13515625
0 0.88515625 0.75 0.05859375 0.1046875
0 0.26796875 0.85859375 0.0296875 0.065625
0 0.3421875 0.9609375 0.0609375 0.07734375