0 0.203125 0.06015625 0.08046875 0.09765625
0 0.0484375 0.37578125 0.08203125 0.096875
0 0.0859375 0.296875 0.05 0.06484375
0 0.30859375 0.321875 0.06171875 0.0765625
0 0.38125 0.25 0.06640625 0.10078125
0 0.5125 0.24375 0.06796875 0.10234375
0 0.48046875 0.1359375 0.06953125 0.090625
0 0.7953125 0.08046875 0.07578125 0.078125
0 0.7875 0.19921875 0.07265625 0.08203125
0 0.63046875 0.33828125 0.06328125 0.10546875
0 0.578125 0.41640625 0.05546875 0.08203125
0 0.90859375 0.54921875 0.0703125 0.10234375
0 0.775 0.5625 0.06875 0.08671875
0 0.52421875 0.87734375 0.06796875 0.10625
0 0.3390625 0.92578125 0.05859375 0.09140625
0 0.07890625 0.90859375 0.06640625 0.1
0 0.11171875 0.615625 0.06484375 0.09140625
0 0.0625 0.5265625 0.071875 0.0828125
0 0.7640625 0.86796875 0.0734375 0.0953125
0 0.715625 0.72734375 0.0515625 0.09609375