0 0.18671875 0.11875 0.0609375 0.10390625
0 0.36484375 0.27734375 0.05703125 0.09296875
0 0.29375 0.3546875 0.053125 0.0890625
0 0.18515625 0.5 0.05625 0.090625
0 0.23515625 0.92734375 0.0609375 0.096875
0 0.44296875 0.92109375 0.0515625 0.08828125
0 0.44765625 0.7953125 0.04765625 0.06953125
0 0.5734375 0.80859375 0.0578125 0.09921875
0 0.671875 0.96640625 0.05625 0.0671875
0 0.76640625 0.66171875 0.065625 0.09296875
0 0.78359375 0.3703125 0.06015625 0.09765625
0 0.78984375 0.246875 0.05390625 0.08203125
0 0.4125 0.0390625 0.05390625 0.07734375
0 0.60078125 0.05390625 0.0578125 0.08828125
0 0.915625 0.17421875 0.05859375 0.10703125
0 0.12890625 0.25859375 0.05390625 0.0875