0 0.06640625 0.18984375 0.07421875 0.12578125
0 0.1734375 0.1921875 0.0578125 0.0890625
0 0.3703125 0.16640625 0.0734375 0.10625
0 0.325 0.32578125 0.06953125 0.09609375
0 0.53046875 0.290625 0.08359375 0.12890625
0 0.05 0.371875 0.0640625 0.090625
0 0.18359375 0.55 0.08984375 0.1390625
0 0.28984375 0.6828125 0.07890625 0.1296875
0 0.32421875 0.8125 0.0703125 0.10625
0 0.55625 0.73671875 0.06953125 0.1140625
0 0.484375 0.62578125 0.0625 0.0890625
0 0.7265625 0.77265625 0.06953125 0.13515625
0 0.92265625 0.74140625 0.06953125 0.11015625
0 0.8453125 0.4234375 0.06953125 0.0953125
0 0.72109375 0.29375 0.0671875 0.13203125
0 0.84609375 0.22734375 0.0640625 0.0890625
0 0.66328125 0.07890625 0.075 0.128125