0 0.1953125 0.18828125 0.0640625 0.07890625
0 0.2703125 0.125 0.06484375 0.1046875
0 0.4578125 0.20859375 0.07109375 0.09140625
0 0.4 0.40234375 0.071875 0.103125
0 0.4890625 0.503125 0.07578125 0.08203125
0 0.46484375 0.71484375 0.078125 0.10390625
0 0.4765625 0.85078125 0.06015625 0.08515625
0 0.54765625 0.8203125 0.05859375 0.07890625
0 0.30625 0.9796875 0.0671875 0.040625
0 0.4125 0.053125 0.05625 0.0703125
0 0.5609375 0.05703125 0.06796875 0.09609375
0 0.68671875 0.178125 0.06640625 0.0875
0 0.71484375 0.08359375 0.07421875 0.0984375
0 0.6515625 0.7234375 0.06796875 0.1
0 0.6703125 0.90390625 0.07109375 0.0984375
0 0.73671875 0.90390625 0.06015625 0.0875
0 0.3828125 0.56484375 0.071875 0.08828125
0 0.36484375 0.2984375 0.0671875 0.071875
0 0.24765625 0.89609375 0.06328125 0.09765625