0 0.1234375 0.078125 0.0671875 0.0953125
0 0.109375 0.23359375 0.06328125 0.09375
0 0.18671875 0.2625 0.07109375 0.0859375
0 0.37265625 0.3703125 0.0796875 0.08515625
0 0.334375 0.46015625 0.0625 0.08359375
0 0.428125 0.51484375 0.06015625 0.10703125
0 0.5640625 0.30234375 0.04453125 0.07109375
0 0.509375 0.2015625 0.0625 0.07265625
0 0.6140625 0.2421875 0.07734375 0.090625
0 0.70625 0.19375 0.06328125 0.078125
0 0.7 0.2953125 0.0671875 0.07734375
0 0.765625 0.259375 0.04296875 0.06328125
0 0.840625 0.32734375 0.0734375 0.07890625
0 0.928125 0.35234375 0.06875 0.08515625
0 0.8703125 0.20390625 0.06015625 0.09140625
0 0.98125 0.571875 0.03671875 0.1046875
0 0.77421875 0.56953125 0.059375 0.10078125
0 0.86796875 0.70078125 0.07265625 0.07265625
0 0.90546875 0.77734375 0.07109375 0.07109375
0 0.79765625 0.86640625 0.06953125 0.08359375
0 0.73671875 0.8046875 0.05703125 0.090625
0 0.609375 0.5796875 0.06796875 0.0921875
0 0.57890625 0.6953125 0.0609375 0.0921875
0 0.475 0.759375 0.065625 0.08515625
0 0.5203125 0.86796875 0.08125 0.08359375
0 0.34375 0.828125 0.0578125 0.1109375
0 0.30546875 0.6703125 0.0578125 0.09375
0 0.65234375 0.915625 0.075 0.0859375