0 0.125 0.40390625 0.0703125 0.09375
0 0.16953125 0.28671875 0.071875 0.1109375
0 0.2796875 0.353125 0.0578125 0.08828125
0 0.33828125 0.359375 0.075 0.1
0 0.09609375 0.69375 0.078125 0.11796875
0 0.28203125 0.759375 0.078125 0.09375
0 0.45390625 0.6671875 0.06875 0.109375
0 0.46171875 0.88984375 0.07734375 0.09609375
0 0.0640625 0.9140625 0.0484375 0.06484375
0 0.04140625 0.30234375 0.0671875 0.0921875
0 0.534375 0.040625 0.0703125 0.0734375
0 0.71953125 0.0734375 0.0703125 0.096875
0 0.88359375 0.25390625 0.06796875 0.11328125
0 0.6984375 0.4125 0.07109375 0.08984375
0 0.75234375 0.38515625 0.065625 0.09140625
0 0.58515625 0.46015625 0.0578125 0.08046875
0 0.75078125 0.5546875 0.0484375 0.075
0 0.81484375 0.58515625 0.0734375 0.10859375
0 0.95 0.72734375 0.0921875 0.09765625
0 0.86171875 0.8734375 0.08515625 0.10234375
0 0.7234375 0.7796875 0.08359375 0.11171875
0 0.56640625 0.8 0.06796875 0.08125
0 0.26640625 0.51953125 0.06484375 0.09140625
0 0.3734375 0.4546875 0.0640625 0.0921875