0 0.17421875 0.0734375 0.0703125 0.109375
0 0.07421875 0.21171875 0.07734375 0.10703125
0 0.3953125 0.1734375 0.07578125 0.1
0 0.45703125 0.0796875 0.05859375 0.0765625
0 0.72890625 0.1375 0.0734375 0.0984375
0 0.8171875 0.1515625 0.0578125 0.0796875
0 0.58359375 0.31171875 0.0609375 0.096875
0 0.45390625 0.440625 0.075 0.10078125
0 0.22265625 0.6078125 0.071875 0.09765625
0 0.0625 0.740625 0.07578125 0.0953125
0 0.21171875 0.91796875 0.084375 0.09765625
0 0.52109375 0.86796875 0.06953125 0.09296875
0 0.61953125 0.82890625 0.05 0.06796875
0 0.69453125 0.753125 0.07421875 0.0796875
0 0.86328125 0.6296875 0.06875 0.075
0 0.90546875 0.45625 0.04765625 0.06953125
0 0.8359375 0.33671875 0.04765625 0.0671875
0 0.74921875 0.34609375 0.07265625 0.10546875
0 0.75703125 0.63046875 0.06796875 0.10859375
0 0.01484375 0.865625 0.02890625 0.07734375
0 0.2609375 0.76875 0.07890625 0.0828125
0 0.12578125 0.5171875 0.06484375 0.07890625
0 0.31015625 0.25625 0.05078125 0.06328125
0 0.1140625 0.30859375 0.0453125 0.0609375
0 0.41953125 0.34375 0.05390625 0.06171875
0 0.35234375 0.5125 0.06015625 0.0921875