0 0.2703125 0.3484375 0.06015625 0.08671875
0 0.25390625 0.66484375 0.07578125 0.1078125
0 0.19609375 0.7515625 0.06640625 0.09140625
0 0.26640625 0.91953125 0.05703125 0.0828125
0 0.57578125 0.81953125 0.0734375 0.08828125
0 0.68125 0.9125 0.071875 0.1171875
0 0.69765625 0.70546875 0.0640625 0.11015625
0 0.89375 0.58203125 0.05 0.06953125
0 0.88671875 0.46875 0.0625 0.103125
0 0.96953125 0.36953125 0.0609375 0.0984375
0 0.91015625 0.1390625 0.071875 0.10703125
0 0.7640625 0.3734375 0.07421875 0.10859375
0 0.76015625 0.496875 0.05703125 0.0875
0 0.41484375 0.53046875 0.07109375 0.09296875