0 0.0734375 0.303125 0.06484375 0.0828125
0 0.34921875 0.2578125 0.0625 0.0796875
0 0.42578125 0.27734375 0.06015625 0.0734375
0 0.64453125 0.309375 0.05625 0.0671875
0 0.67890625 0.03046875 0.0734375 0.0609375
0 0.75703125 0.1125 0.0484375 0.0640625
0 0.93359375 0.37734375 0.065625 0.084375
0 0.7609375 0.48828125 0.06484375 0.08828125
0 0.68203125 0.496875 0.0546875 0.06640625
0 0.8703125 0.71484375 0.06484375 0.08125
0 0.90546875 0.8640625 0.06953125 0.090625
0 0.675 0.928125 0.059375 0.078125
0 0.45703125 0.78671875 0.059375 0.090625
0 0.34140625 0.67734375 0.0484375 0.06015625
0 0.21015625 0.6359375 0.06171875 0.07734375
0 0.40703125 0.5390625 0.07109375 0.0890625
0 0.165625 0.4609375 0.05625 0.0765625
0 0.13828125 0.271875 0.0546875 0.06484375
0 0.46953125 0.021875 0.065625 0.04375
0 0.5203125 0.590625 0.0453125 0.06015625