0 0.04296875 0.46796875 0.059375 0.08984375
0 0.22265625 0.50859375 0.0625 0.0734375
0 0.37109375 0.27578125 0.06484375 0.08515625
0 0.246875 0.03359375 0.0578125 0.0609375
0 0.2203125 0.4078125 0.040625 0.065625
0 0.26484375 0.7125 0.06015625 0.06953125
0 0.053125 0.7859375 0.05546875 0.0828125
0 0.5828125 0.78359375 0.05546875 0.07109375
0 0.69296875 0.85546875 0.0515625 0.0796875
0 0.82734375 0.84921875 0.06328125 0.0828125
0 0.92734375 0.9765625 0.053125 0.046875
0 0.9578125 0.50546875 0.0703125 0.08671875
0 0.7921875 0.43125 0.0546875 0.0703125
0 0.70703125 0.2609375 0.04921875 0.06015625
0 0.78671875 0.12734375 0.0671875 0.08359375
0 0.56484375 0.52109375 0.06875 0.08515625
0 0.51796875 0.6109375 0.0453125 0.0640625