0 0.54140625 0.10078125 0.06484375 0.0671875
0 0.375 0.1265625 0.06875 0.0828125
0 0.07265625 0.4984375 0.065625 0.0859375
0 0.25703125 0.80703125 0.06796875 0.090625
0 0.58828125 0.94453125 0.0640625 0.08671875
0 0.45546875 0.58125 0.06640625 0.06953125
0 0.653125 0.5921875 0.0546875 0.075
0 0.6984375 0.5171875 0.06953125 0.08046875
0 0.7859375 0.6171875 0.06015625 0.07578125
0 0.83671875 0.284375 0.05859375 0.07890625
0 0.9578125 0.18828125 0.0609375 0.07734375
0 0.69296875 0.18515625 0.06015625 0.07421875
0 0.478125 0.33671875 0.0640625 0.08203125