0 0.0859375 0.228125 0.053125 0.07734375
0 0.3578125 0.26484375 0.05390625 0.07265625
0 0.2421875 0.34296875 0.04609375 0.065625
0 0.26484375 0.61796875 0.059375 0.075
0 0.1875 0.86015625 0.05 0.06953125
0 0.3 0.78828125 0.05078125 0.071875
0 0.7359375 0.7765625 0.05078125 0.06640625
0 0.84609375 0.6421875 0.053125 0.06953125
0 0.784375 0.5171875 0.053125 0.06875
0 0.96796875 0.25625 0.0609375 0.0796875
0 0.87421875 0.146875 0.05703125 0.0734375
0 0.590625 0.19375 0.05546875 0.07734375
0 0.521875 0.234375 0.06171875 0.0796875
0 0.3578125 0.26484375 0.0546875 0.07265625
0 0.34765625 0.47890625 0.05234375 0.06875
0 0.459375 0.62734375 0.05703125 0.06875
0 0.64609375 0.45703125 0.05078125 0.0625