0 0.23515625 0.28203125 0.059375 0.10390625
0 0.034375 0.6078125 0.06484375 0.1109375
0 0.05859375 0.740625 0.0625 0.10859375
0 0.16328125 0.80703125 0.06484375 0.1265625
0 0.06875 0.8890625 0.04609375 0.096875
0 0.2296875 0.8703125 0.04609375 0.0890625
0 0.24453125 0.60703125 0.0625 0.12421875
0 0.3875 0.51875 0.065625 0.12578125
0 0.34453125 0.67109375 0.0609375 0.10703125
0 0.13046875 0.95 0.0484375 0.1
0 0.5140625 0.49765625 0.05546875 0.10859375
0 0.46640625 0.76796875 0.05 0.08125
0 0.74453125 0.81328125 0.0578125 0.09296875
0 0.79609375 0.74296875 0.06328125 0.11484375
0 0.871875 0.859375 0.0640625 0.1234375
0 0.978125 0.865625 0.04375 0.10390625
0 0.95625 0.52734375 0.06640625 0.12109375
0 0.81875 0.50625 0.0578125 0.121875
0 0.7609375 0.58984375 0.06484375 0.109375
0 0.6828125 0.27265625 0.0703125 0.121875
0 0.875 0.321875 0.06015625 0.12734375
0 0.7234375 0.0859375 0.05859375 0.12421875
0 0.609375 0.1328125 0.0625 0.1046875
0 0.559375 0.30859375 0.065625 0.11796875
0 0.478125 0.2546875 0.06484375 0.12890625
0 0.83359375 0.15078125 0.06640625 0.1265625