0 0.23984375 0.5484375 0.04765625 0.075
0 0.45234375 0.79609375 0.0484375 0.07734375
0 0.7859375 0.46484375 0.05390625 0.06328125
0 0.9453125 0.46015625 0.05390625 0.06640625
0 0.878125 0.278125 0.06015625 0.0796875
0 0.91171875 0.17265625 0.053125 0.078125
0 0.390625 0.38046875 0.0484375 0.07578125
0 0.4984375 0.0828125 0.0546875 0.07265625
0 0.76171875 0.06796875 0.0484375 0.07578125
0 0.27421875 0.06015625 0.04765625 0.0578125
0 0.60390625 0.35 0.05 0.08359375
0 0.5765625 0.53828125 0.040625 0.0734375