0 0.04453125 0.0890625 0.07734375 0.10078125
0 0.31796875 0.0296875 0.0609375 0.059375
0 0.31796875 0.15625 0.06171875 0.08125
0 0.22890625 0.25703125 0.07109375 0.0890625
0 0.0296875 0.31328125 0.059375 0.0828125
0 0.1125 0.38671875 0.06953125 0.09609375
0 0.26328125 0.37265625 0.07734375 0.08984375
0 0.21953125 0.5375 0.06640625 0.0828125
0 0.03359375 0.721875 0.06640625 0.09609375
0 0.51796875 0.803125 0.07578125 0.0828125
0 0.97734375 0.5734375 0.0453125 0.084375
0 0.83125 0.36171875 0.06953125 0.0875
0 0.921875 0.03828125 0.06328125 0.0765625
0 0.76953125 0.12109375 0.05859375 0.0765625
0 0.6453125 0.03671875 0.071875 0.0734375
0 0.31953125 0.028125 0.0609375 0.05546875
0 0.4578125 0.07109375 0.06171875 0.0828125
0 0.42734375 0.184375 0.06796875 0.08984375
0 0.4796875 0.3953125 0.1 0.11953125
0 0.6140625 0.378125 0.06953125 0.084375
0 0.440625 0.52109375 0.07578125 0.08828125
0 0.628125 0.2859375 0.06875 0.08203125
0 0.75 0.30078125 0.06875 0.084375
0 0.80703125 0.4453125 0.078125 0.09140625