0 0.20390625 0.0671875 0.0671875 0.07109375
0 0.325 0.09296875 0.0640625 0.0828125
0 0.40390625 0.17578125 0.0671875 0.08125
0 0.43515625 0.278125 0.05859375 0.08671875
0 0.11875 0.26796875 0.06484375 0.08125
0 0.20859375 0.346875 0.06171875 0.08046875
0 0.2953125 0.39609375 0.0671875 0.071875
0 0.16015625 0.43046875 0.06015625 0.07734375
0 0.16484375 0.5921875 0.0609375 0.07890625
0 0.02265625 0.70390625 0.04453125 0.08828125
0 0.121875 0.7140625 0.05859375 0.07109375
0 0.23828125 0.7515625 0.053125 0.08359375
0 0.27421875 0.871875 0.06484375 0.08125
0 0.490625 0.81171875 0.05078125 0.0765625
0 0.621875 0.84921875 0.05546875 0.0734375
0 0.80078125 0.8328125 0.06328125 0.0921875
0 0.8640625 0.696875 0.06015625 0.08046875
0 0.83046875 0.36484375 0.053125 0.08046875
0 0.76328125 0.253125 0.05390625 0.07578125
0 0.81875 0.0515625 0.05859375 0.075
0 0.9328125 0.02890625 0.05859375 0.0578125
0 0.64453125 0.35 0.05625 0.078125
0 0.56328125 0.66875 0.0453125 0.06796875
0 0.47890625 0.6890625 0.04609375 0.071875
0 0.36640625 0.68359375 0.053125 0.07265625