0 0.07890625 0.2265625 0.0703125 0.09765625
0 0.02421875 0.215625 0.0484375 0.103125
0 0.0796875 0.58359375 0.07578125 0.08359375
0 0.2125 0.82890625 0.07265625 0.09453125
0 0.28984375 0.91015625 0.0828125 0.10703125
0 0.37265625 0.72734375 0.07890625 0.09453125
0 0.39453125 0.65234375 0.06796875 0.1078125
0 0.28359375 0.6125 0.06328125 0.0828125
0 0.4453125 0.3265625 0.07578125 0.1109375
0 0.8828125 0.215625 0.071875 0.10234375
0 0.69140625 0.4484375 0.06640625 0.11015625
0 0.8875 0.51640625 0.0546875 0.1265625
0 0.73515625 0.6609375 0.065625 0.1
0 0.69765625 0.76484375 0.06484375 0.1
0 0.5125 0.853125 0.071875 0.1