0 0.03828125 0.33671875 0.0625 0.0796875
0 0.19453125 0.0875 0.0578125 0.075
0 0.2546875 0.071875 0.053125 0.06875
0 0.13125 0.23984375 0.0484375 0.071875
0 0.3140625 0.30234375 0.06171875 0.0828125
0 0.34375 0.22421875 0.053125 0.0734375
0 0.36328125 0.48203125 0.05546875 0.0734375
0 0.38125 0.5625 0.0625 0.08359375
0 0.41484375 0.65625 0.0578125 0.075
0 0.2578125 0.7375 0.06796875 0.0875
0 0.35703125 0.80234375 0.06328125 0.0796875
0 0.17265625 0.546875 0.0578125 0.0765625
0 0.61796875 0.1046875 0.05546875 0.0765625
0 0.675 0.2171875 0.06484375 0.09140625
0 0.88828125 0.0921875 0.06015625 0.0875
0 0.8265625 0.265625 0.0546875 0.0828125
0 0.7734375 0.14140625 0.05703125 0.07578125
0 0.8203125 0.396875 0.06171875 0.08125
0 0.84375 0.49375 0.06171875 0.08125
0 0.665625 0.71171875 0.05546875 0.07734375
0 0.85546875 0.7890625 0.05234375 0.07734375
0 0.81328125 0.89453125 0.0578125 0.078125
0 0.60390625 0.834375 0.06015625 0.07890625
0 0.53046875 0.8609375 0.05390625 0.0671875
0 0.67734375 0.5046875 0.05546875 0.07734375
0 0.534375 0.58359375 0.05625 0.0734375