0 0.03125 0.11484375 0.0625 0.1296875
0 0.028125 0.26640625 0.05625 0.1203125
0 0.24921875 0.14375 0.075 0.1203125
0 0.1859375 0.35390625 0.0515625 0.0890625
0 0.2828125 0.4328125 0.07109375 0.12265625
0 0.26015625 0.6125 0.06796875 0.11875
0 0.11171875 0.61171875 0.06484375 0.10703125
0 0.1421875 0.75859375 0.06015625 0.1140625
0 0.0703125 0.80703125 0.053125 0.09296875
0 0.1921875 0.82890625 0.059375 0.11328125
0 0.30234375 0.76171875 0.065625 0.12421875
0 0.403125 0.5734375 0.0640625 0.11171875
0 0.4671875 0.503125 0.06171875 0.1125
0 0.6109375 0.65 0.05390625 0.103125
0 0.64296875 0.81875 0.0734375 0.13984375
0 0.728125 0.70078125 0.0625 0.11484375
0 0.665625 0.49765625 0.0703125 0.1203125
0 0.67734375 0.4125 0.04921875 0.07265625
0 0.82265625 0.62734375 0.06328125 0.13671875
0 0.82265625 0.8828125 0.07109375 0.128125
0 0.96328125 0.7046875 0.0734375 0.140625
0 0.93984375 0.3046875 0.05625 0.1015625
0 0.75390625 0.196875 0.06875 0.11953125
0 0.83828125 0.12109375 0.07734375 0.134375
0 0.58671875 0.12578125 0.075 0.134375
0 0.49453125 0.21171875 0.071875 0.1359375