0 0.19921875 0.38125 0.07421875 0.10234375
0 0.2875 0.36796875 0.07578125 0.1203125
0 0.3265625 0.53515625 0.06640625 0.13359375
0 0.48671875 0.48984375 0.0703125 0.07890625
0 0.475 0.590625 0.0859375 0.09296875
0 0.19296875 0.59921875 0.07890625 0.11484375
0 0.26015625 0.69296875 0.07734375 0.10234375
0 0.43125 0.80390625 0.0703125 0.09765625
0 0.5296875 0.7703125 0.06640625 0.1140625
0 0.67890625 0.896875 0.07109375 0.1046875
0 0.74609375 0.8328125 0.07578125 0.125
0 0.81015625 0.45625 0.08125 0.0921875
0 0.909375 0.41171875 0.075 0.11015625
0 0.73046875 0.2546875 0.075 0.08671875
0 0.63125 0.15546875 0.0671875 0.11171875
0 0.7078125 0.1109375 0.071875 0.09609375
0 0.825 0.57890625 0.0640625 0.0734375