0 0.18984375 0.11796875 0.06328125 0.1046875
0 0.1078125 0.26015625 0.0765625 0.0921875
0 0.1390625 0.41953125 0.06796875 0.10390625
0 0.0625 0.48515625 0.0703125 0.0875
0 0.30078125 0.571875 0.071875 0.10078125
0 0.09765625 0.7890625 0.078125 0.08828125
0 0.278125 0.80078125 0.05703125 0.0890625
0 0.40546875 0.80625 0.0640625 0.1
0 0.6515625 0.82578125 0.06875 0.10078125
0 0.73515625 0.70703125 0.0453125 0.0625
0 0.87109375 0.8234375 0.065625 0.07890625
0 0.5953125 0.69609375 0.05234375 0.090625
0 0.50625 0.67265625 0.05234375 0.0828125
0 0.3875 0.45234375 0.059375 0.06640625
0 0.57265625 0.45859375 0.0671875 0.0984375
0 0.56171875 0.30078125 0.0640625 0.0984375
0 0.6921875 0.32109375 0.0671875 0.08828125
0 0.87734375 0.33125 0.0671875 0.10234375
0 0.7609375 0.43671875 0.065625 0.0890625
0 0.7671875 0.08984375 0.06796875 0.09375