0 0.1453125 0.02890625 0.0671875 0.05703125
0 0.28828125 0.04765625 0.065625 0.08046875
0 0.3140625 0.153125 0.0640625 0.09765625
0 0.0453125 0.3390625 0.06015625 0.09140625
0 0.18984375 0.44453125 0.0734375 0.090625
0 0.165625 0.525 0.046875 0.06328125
0 0.2453125 0.67734375 0.06171875 0.0796875
0 0.1265625 0.7609375 0.06875 0.11171875
0 0.0671875 0.86953125 0.07109375 0.0984375
0 0.22109375 0.96953125 0.071875 0.0609375
0 0.4140625 0.79609375 0.0578125 0.08203125
0 0.65859375 0.75390625 0.06328125 0.09296875
0 0.75625 0.8296875 0.05625 0.075
0 0.65078125 0.634375 0.05625 0.0921875
0 0.7609375 0.615625 0.065625 0.0828125
0 0.815625 0.53046875 0.06875 0.1125
0 0.86484375 0.35 0.06875 0.09609375
0 0.8046875 0.3234375 0.0578125 0.08515625
0 0.89296875 0.2546875 0.06640625 0.065625
0 0.80859375 0.08515625 0.07265625 0.11015625
0 0.51328125 0.203125 0.065625 0.11640625
0 0.3890625 0.43671875 0.0609375 0.084375
0 0.4765625 0.5421875 0.06640625 0.103125
0 0.34453125 0.6203125 0.06171875 0.084375