0 0.1140625 0.38515625 0.075 0.12421875
0 0.02109375 0.40859375 0.0421875 0.0875
0 0.059375 0.5359375 0.08046875 0.0953125
0 0.35703125 0.3640625 0.0765625 0.09375
0 0.06484375 0.8359375 0.096875 0.10859375
0 0.64296875 0.86953125 0.06875 0.1203125
0 0.45546875 0.934375 0.0734375 0.1078125
0 0.3609375 0.93046875 0.06328125 0.10234375
0 0.7921875 0.5765625 0.08828125 0.109375
0 0.85625 0.475 0.06796875 0.096875
0 0.7296875 0.36015625 0.0890625 0.1328125
0 0.915625 0.23984375 0.08125 0.1171875
0 0.97265625 0.10625 0.0546875 0.10703125
0 0.45625 0.12265625 0.0765625 0.0921875
0 0.50390625 0.79453125 0.08359375 0.10859375